# unix_time, cycles_done, cur_path, paths_total, pending_total, pending_favs, map_size, unique_crashes, unique_hangs, max_depth, execs_per_sec
1438180469, 0, 0, 1, 1, 1, 12.69%, 0, 0, 1, 88.50
1438180480, 0, 0, 13, 13, 1, 12.79%, 1, 0, 2, 102.74
1438180485, 0, 0, 17, 17, 1, 12.79%, 1, 0, 2, 91.71
1438180490, 0, 0, 32, 32, 1, 12.89%, 2, 0, 2, 102.33
1438180495, 0, 0, 56, 56, 1, 13.31%, 33, 0, 2, 91.19
1438180500, 0, 0, 76, 76, 1, 13.73%, 37, 0, 2, 76.62
1438180505, 0, 0, 103, 103, 1, 14.67%, 62, 0, 2, 100.18
1438180510, 0, 0, 137, 137, 1, 15.07%, 93, 0, 2, 163.19
1438180515, 0, 0, 149, 149, 1, 15.11%, 94, 2, 2, 117.46
1438180520, 0, 0, 160, 160, 1, 15.11%, 97, 3, 2, 104.42
1438180525, 0, 0, 166, 166, 1, 15.12%, 99, 8, 2, 26.43
1438180530, 0, 0, 167, 167, 1, 15.13%, 101, 9, 2, 170.23
1438180535, 0, 0, 172, 172, 1, 15.14%, 101, 9, 2, 116.38
1438180540, 0, 0, 173, 173, 1, 15.14%, 101, 9, 2, 93.68
1438180546, 0, 0, 176, 176, 1, 15.14%, 101, 9, 2, 96.62
1438180551, 0, 0, 184, 184, 1, 15.19%, 109, 9, 2, 91.85
1438180556, 0, 0, 188, 188, 1, 15.19%, 118, 9, 2, 601.51
1438180561, 0, 0, 211, 211, 1, 15.47%, 134, 9, 2, 166.50
1438180566, 0, 0, 214, 214, 1, 15.47%, 134, 11, 2, 30.74
1438180571, 0, 0, 217, 217, 1, 15.47%, 134, 12, 2, 71.48
1438180576, 0, 0, 221, 221, 1, 15.48%, 134, 13, 2, 545.00
1438180587, 0, 0, 223, 223, 1, 15.48%, 135, 13, 2, 96.33
1438180592, 0, 0, 227, 227, 1, 15.48%, 135, 13, 2, 90.33
1438180597, 0, 0, 231, 231, 1, 15.48%, 136, 13, 2, 599.35
1438180602, 0, 0, 234, 234, 1, 15.49%, 137, 13, 2, 120.94
1438180607, 0, 0, 239, 239, 1, 15.49%, 137, 13, 2, 97.93
1438180612, 0, 0, 251, 251, 1, 15.53%, 154, 13, 2, 153.53
1438180617, 0, 0, 251, 251, 1, 15.53%, 154, 14, 2, 103.23
1438180622, 0, 0, 255, 255, 1, 15.53%, 155, 15, 2, 92.88
1438180627, 0, 0, 256, 256, 1, 15.53%, 155, 16, 2, 91.03
1438180632, 0, 0, 257, 257, 1, 15.54%, 158, 16, 2, 32.06
1438180638, 0, 0, 259, 259, 1, 15.54%, 160, 16, 2, 189.05
1438180643, 0, 0, 261, 261, 1, 15.55%, 163, 16, 2, 156.32
1438180653, 0, 0, 265, 265, 1, 15.56%, 164, 16, 2, 102.47
1438180658, 0, 0, 266, 266, 1, 15.56%, 164, 16, 2, 91.49
1438180663, 0, 0, 267, 267, 1, 15.57%, 164, 16, 2, 89.26
1438180668, 0, 0, 268, 268, 1, 15.57%, 165, 16, 2, 156.04
1438180684, 0, 0, 273, 273, 1, 15.58%, 169, 16, 2, 294.17
1438180689, 0, 0, 275, 275, 1, 15.58%, 173, 16, 2, 239.78
1438180704, 0, 0, 279, 279, 1, 15.58%, 173, 16, 2, 125.88
1438180709, 0, 0, 279, 279, 1, 15.58%, 173, 17, 2, 135.59
1438180714, 0, 0, 284, 284, 1, 15.58%, 175, 17, 2, 172.25
1438180724, 0, 0, 287, 287, 1, 15.59%, 180, 17, 2, 1069.86
1438180729, 0, 0, 288, 288, 1, 15.59%, 182, 17, 2, 670.13
1438180735, 0, 0, 289, 289, 1, 15.60%, 185, 17, 2, 454.03
1438180740, 0, 0, 291, 291, 1, 15.60%, 186, 17, 2, 372.75
1438180745, 0, 0, 292, 292, 1, 15.60%, 186, 17, 2, 213.19
1438180755, 0, 0, 297, 297, 1, 15.62%, 186, 17, 2, 94.61
1438180760, 0, 0, 331, 331, 1, 15.77%, 239, 17, 2, 591.64
1438180775, 0, 0, 332, 332, 1, 15.77%, 239, 17, 2, 86.22
1438180801, 0, 0, 338, 338, 1, 15.77%, 239, 17, 2, 114.22
1438180826, 0, 0, 338, 338, 1, 15.77%, 241, 17, 2, 96.09
1438180832, 0, 0, 341, 341, 1, 15.77%, 241, 17, 2, 81.22
1438180842, 0, 0, 341, 341, 1, 15.77%, 241, 18, 2, 28.24
1438180878, 0, 0, 341, 341, 1, 15.77%, 242, 18, 2, 1023.81
1438180924, 0, 6, 341, 340, 148, 15.77%, 242, 18, 2, 88.68
1438180929, 0, 6, 343, 342, 148, 15.77%, 242, 18, 3, 92.04
1438180934, 0, 6, 346, 345, 148, 15.78%, 242, 18, 3, 702.44
1438180939, 0, 6, 346, 345, 148, 15.78%, 243, 18, 3, 158.34
1438180944, 0, 6, 347, 346, 148, 15.78%, 243, 18, 3, 115.24
1438180960, 0, 6, 349, 348, 148, 15.78%, 243, 18, 3, 94.07
1438181006, 0, 6, 350, 349, 148, 15.78%, 243, 18, 3, 78.30
1438181031, 0, 6, 351, 350, 148, 15.78%, 243, 18, 3, 97.86
1438181047, 0, 6, 352, 351, 148, 15.78%, 243, 18, 3, 191.26
1438181057, 0, 6, 353, 352, 148, 15.78%, 243, 18, 3, 94.37
1438181078, 0, 6, 353, 352, 148, 15.78%, 244, 18, 3, 134.24
1438181093, 0, 6, 354, 353, 148, 15.78%, 244, 18, 3, 91.73
1438181231, 0, 6, 355, 354, 148, 15.78%, 244, 18, 3, 88.58
1438181354, 0, 11, 355, 353, 148, 15.78%, 244, 18, 3, 209.87
1438181359, 0, 11, 356, 354, 148, 15.79%, 244, 18, 3, 118.07
1438181364, 0, 11, 360, 358, 148, 15.79%, 244, 18, 3, 580.62
1438181369, 0, 11, 360, 358, 148, 15.79%, 245, 18, 3, 100.66
1438181385, 0, 11, 361, 359, 148, 15.79%, 245, 18, 3, 140.18
1438181390, 0, 11, 362, 360, 148, 15.79%, 245, 18, 3, 101.66
1438181497, 0, 11, 362, 360, 148, 15.79%, 245, 19, 3, 160.42
1438181507, 0, 11, 362, 360, 148, 15.79%, 246, 19, 3, 81.21
1438181522, 0, 11, 363, 361, 148, 15.79%, 246, 19, 3, 90.80
1438181527, 0, 11, 364, 362, 148, 15.79%, 246, 19, 3, 121.56
1438181533, 0, 11, 365, 363, 148, 15.79%, 246, 19, 3, 95.33
1438181584, 0, 11, 366, 364, 148, 15.79%, 246, 19, 3, 88.78
1438181778, 0, 15, 366, 363, 148, 15.79%, 246, 19, 3, 362.83
1438181789, 0, 15, 366, 363, 148, 15.79%, 247, 19, 3, 90.07
1438181819, 0, 15, 367, 364, 148, 15.79%, 247, 19, 3, 89.28
1438181840, 0, 15, 368, 365, 148, 15.79%, 247, 19, 3, 617.11
1438181958, 0, 15, 369, 366, 148, 15.79%, 247, 19, 3, 112.89
1438182209, 0, 30, 369, 365, 147, 15.79%, 247, 19, 3, 335.53
1438182214, 0, 30, 370, 366, 147, 15.79%, 247, 19, 3, 143.81
1438182224, 0, 30, 371, 367, 147, 15.79%, 247, 19, 3, 114.37
1438182229, 0, 30, 371, 367, 147, 15.79%, 248, 19, 3, 947.53
1438182265, 0, 30, 373, 369, 147, 15.79%, 248, 19, 3, 90.42
1438182300, 0, 30, 374, 370, 147, 15.79%, 248, 19, 3, 424.02
1438182341, 0, 30, 375, 371, 147, 15.79%, 248, 19, 3, 81.31
1438182638, 0, 35, 377, 372, 147, 15.79%, 248, 19, 3, 532.90
1438182643, 0, 35, 406, 401, 147, 15.81%, 249, 19, 3, 633.91
1438182648, 0, 35, 420, 415, 147, 15.82%, 250, 19, 3, 36.36
1438182653, 0, 35, 424, 419, 147, 15.83%, 250, 19, 3, 618.38
1438182659, 0, 35, 443, 438, 147, 15.85%, 251, 19, 3, 616.62
1438182669, 0, 35, 445, 440, 147, 15.85%, 251, 19, 3, 614.90
1438182674, 0, 35, 460, 455, 147, 15.86%, 253, 19, 3, 36.58
1438182679, 0, 35, 461, 456, 147, 15.86%, 253, 19, 3, 360.00
1438182684, 0, 35, 462, 457, 147, 15.87%, 254, 19, 3, 397.67
1438182690, 0, 35, 464, 459, 147, 15.87%, 254, 19, 3, 542.37
1438182695, 0, 35, 469, 464, 147, 15.87%, 254, 19, 3, 712.56
1438182705, 0, 35, 472, 467, 147, 15.87%, 254, 19, 3, 721.60
1438182720, 0, 35, 475, 470, 147, 15.87%, 254, 19, 3, 706.40
1438182725, 0, 35, 488, 483, 147, 15.88%, 254, 19, 3, 699.24
1438182801, 0, 43, 488, 482, 169, 15.88%, 254, 19, 3, 271.10
1438182822, 0, 43, 499, 493, 169, 15.88%, 257, 19, 3, 191.33
1438182827, 0, 43, 509, 503, 169, 15.89%, 257, 19, 3, 144.67
1438182832, 0, 43, 518, 512, 169, 15.90%, 258, 19, 3, 107.25
1438182837, 0, 43, 537, 531, 169, 15.91%, 262, 19, 3, 149.39
1438182873, 0, 43, 539, 533, 169, 15.91%, 263, 19, 3, 198.60
1438182878, 0, 43, 540, 534, 169, 15.91%, 263, 19, 3, 148.65
1438182888, 0, 43, 547, 541, 169, 15.91%, 263, 19, 3, 124.17
1438182924, 0, 43, 548, 542, 169, 15.91%, 263, 19, 3, 172.54
1438182934, 0, 43, 553, 547, 169, 15.91%, 265, 19, 3, 151.13
1438182955, 0, 43, 554, 548, 169, 15.91%, 265, 19, 3, 147.58
1438182960, 0, 43, 555, 549, 169, 15.91%, 265, 19, 3, 160.72
1438183006, 0, 43, 555, 549, 169, 15.91%, 266, 19, 3, 560.09
1438183011, 0, 43, 557, 551, 169, 15.91%, 266, 19, 3, 89.06
1438183026, 0, 43, 558, 552, 169, 15.91%, 266, 19, 3, 604.93
1438183042, 0, 43, 558, 552, 169, 15.91%, 267, 19, 3, 281.78
1438183047, 0, 43, 559, 553, 169, 15.91%, 267, 19, 3, 127.89
1438183052, 0, 43, 561, 555, 169, 15.91%, 267, 19, 3, 89.25
1438183082, 0, 43, 562, 556, 169, 15.91%, 268, 19, 3, 363.74
1438183097, 0, 43, 566, 560, 169, 15.91%, 268, 19, 3, 115.59
1438183103, 0, 43, 571, 565, 169, 15.92%, 271, 19, 3, 89.62
1438183266, 0, 55, 571, 564, 177, 15.92%, 271, 19, 3, 235.94
1438183281, 0, 55, 572, 565, 177, 15.92%, 272, 19, 3, 636.82
1438183286, 0, 55, 573, 566, 177, 15.92%, 272, 19, 3, 119.98
1438183291, 0, 55, 576, 569, 177, 15.92%, 272, 19, 3, 114.10
1438183297, 0, 55, 578, 571, 177, 15.92%, 273, 19, 3, 136.30
1438183332, 0, 55, 580, 573, 177, 15.92%, 273, 19, 3, 128.05
1438183343, 0, 55, 581, 574, 177, 15.92%, 273, 19, 3, 142.82
1438183461, 0, 55, 582, 575, 177, 15.92%, 273, 19, 3, 88.54
1438183691, 0, 61, 582, 574, 177, 15.92%, 273, 19, 3, 1129.17
1438183696, 0, 61, 586, 578, 177, 15.92%, 274, 19, 3, 734.65
1438183701, 0, 61, 591, 583, 177, 15.92%, 275, 19, 3, 371.53
1438183712, 0, 61, 594, 586, 177, 15.92%, 275, 19, 3, 651.94
1438183737, 0, 61, 595, 587, 177, 15.92%, 275, 19, 3, 42.75
1438183763, 0, 61, 596, 588, 177, 15.92%, 275, 19, 3, 703.74
1438183773, 0, 61, 597, 589, 177, 15.92%, 275, 19, 3, 652.90
1438183778, 0, 61, 597, 589, 177, 15.92%, 278, 19, 3, 650.04
1438183859, 0, 65, 597, 588, 177, 15.92%, 278, 19, 3, 68.37
1438183880, 0, 65, 599, 590, 177, 15.92%, 279, 19, 3, 124.39
1438183885, 0, 65, 602, 593, 177, 15.92%, 280, 19, 3, 76.26
1438183890, 0, 65, 606, 597, 177, 15.93%, 280, 19, 3, 735.16
1438183895, 0, 65, 613, 604, 177, 15.93%, 280, 19, 3, 127.83
1438183901, 0, 65, 621, 612, 177, 15.93%, 280, 19, 3, 111.79
1438183941, 0, 65, 622, 613, 177, 15.93%, 281, 19, 3, 149.77
1438183946, 0, 65, 623, 614, 177, 15.93%, 281, 19, 3, 69.72
1438183957, 0, 65, 625, 616, 177, 15.93%, 281, 19, 3, 93.22
1438184008, 0, 65, 626, 617, 177, 15.93%, 281, 19, 3, 794.02
1438184013, 0, 65, 627, 618, 177, 15.93%, 281, 19, 3, 165.84
1438184039, 0, 65, 628, 619, 177, 15.93%, 281, 19, 3, 132.17
1438184049, 0, 65, 629, 620, 177, 15.93%, 281, 19, 3, 166.13
1438184105, 0, 65, 631, 622, 177, 15.93%, 281, 19, 3, 70.48
1438184156, 0, 65, 631, 622, 177, 15.93%, 282, 20, 3, 68.95
1438184197, 0, 65, 633, 624, 177, 15.93%, 283, 20, 3, 69.27
1438184386, 0, 68, 633, 623, 178, 15.93%, 283, 20, 3, 66.95
1438184411, 0, 68, 634, 624, 178, 15.93%, 284, 20, 3, 73.36
1438184421, 0, 68, 635, 625, 178, 15.93%, 284, 20, 3, 127.93
1438184666, 0, 68, 635, 625, 178, 15.93%, 284, 21, 3, 70.20
1438184906, 0, 69, 635, 624, 178, 15.93%, 284, 21, 3, 76.07
1438184932, 0, 69, 635, 624, 178, 15.93%, 285, 21, 3, 147.98
1438185427, 0, 70, 635, 623, 177, 15.93%, 285, 21, 3, 70.64
1438185452, 0, 70, 635, 623, 177, 15.93%, 286, 21, 3, 129.03
1438185953, 0, 75, 635, 622, 176, 15.93%, 286, 21, 3, 69.18
1438185973, 0, 75, 635, 622, 176, 15.93%, 287, 21, 3, 151.74
1438186030, 0, 75, 635, 622, 176, 15.93%, 287, 22, 3, 510.00
1438186035, 0, 75, 635, 622, 176, 15.93%, 288, 22, 3, 131.21
1438186469, 0, 80, 635, 621, 175, 15.93%, 288, 22, 3, 448.58
1438186474, 0, 80, 636, 622, 175, 15.93%, 288, 22, 3, 394.92
1438186479, 0, 80, 641, 627, 175, 15.93%, 288, 22, 3, 471.20
1438186484, 0, 80, 659, 645, 175, 15.99%, 289, 22, 3, 24.79
1438186494, 0, 80, 660, 646, 175, 15.99%, 289, 22, 3, 500.42
1438186499, 0, 80, 668, 654, 175, 16.00%, 290, 22, 3, 477.97
1438186514, 0, 80, 669, 655, 175, 16.00%, 290, 22, 3, 494.06
1438186520, 0, 80, 674, 660, 175, 16.02%, 290, 22, 3, 43.32
1438186530, 0, 80, 675, 661, 175, 16.02%, 290, 22, 3, 85.34
1438186550, 0, 80, 676, 662, 175, 16.02%, 290, 22, 3, 568.13
1438186560, 0, 80, 676, 662, 175, 16.02%, 291, 22, 3, 481.51
1438186581, 0, 80, 677, 663, 175, 16.02%, 291, 22, 3, 503.07
1438186586, 0, 80, 691, 677, 175, 16.07%, 291, 22, 3, 513.07
1438186673, 0, 90, 691, 676, 183, 16.07%, 291, 22, 3, 441.43
1438186678, 0, 90, 691, 676, 183, 16.07%, 292, 22, 3, 593.94
1438186683, 0, 90, 696, 681, 183, 16.07%, 299, 22, 3, 497.51
1438186698, 0, 90, 697, 682, 183, 16.07%, 301, 22, 3, 29.70
1438186708, 0, 90, 698, 683, 183, 16.07%, 301, 22, 3, 629.15
1438186713, 0, 90, 698, 683, 183, 16.07%, 303, 22, 3, 34.06
1438186723, 0, 90, 699, 684, 183, 16.07%, 304, 22, 3, 340.37
1438186754, 0, 90, 699, 684, 183, 16.07%, 305, 22, 3, 588.10
1438186759, 0, 90, 700, 685, 183, 16.07%, 305, 22, 3, 649.65
1438186764, 0, 90, 701, 686, 183, 16.07%, 308, 22, 3, 640.65
1438186840, 0, 92, 701, 685, 184, 16.07%, 308, 22, 3, 425.85
1438186845, 0, 92, 702, 686, 184, 16.07%, 309, 22, 3, 443.37
1438186850, 0, 92, 704, 688, 184, 16.07%, 309, 22, 3, 476.91
1438186856, 0, 92, 706, 690, 184, 16.08%, 310, 22, 3, 1191.55
1438186886, 0, 92, 707, 691, 184, 16.08%, 311, 22, 3, 481.03
1438186891, 0, 92, 709, 693, 184, 16.08%, 311, 22, 3, 340.30
1438186917, 0, 92, 710, 694, 184, 16.08%, 312, 22, 3, 569.06
1438186927, 0, 92, 711, 695, 184, 16.08%, 313, 22, 3, 570.86
1438186937, 0, 92, 713, 697, 184, 16.09%, 313, 22, 3, 580.89
1438186953, 0, 92, 717, 701, 184, 16.09%, 313, 22, 3, 503.35
1438187044, 0, 102, 717, 700, 190, 16.09%, 313, 22, 3, 964.29
1438187049, 0, 102, 728, 711, 190, 16.09%, 314, 22, 3, 603.15
1438187054, 0, 102, 733, 716, 190, 16.17%, 314, 22, 3, 79.82
1438187065, 0, 102, 737, 720, 190, 16.17%, 315, 22, 3, 524.50
1438187070, 0, 102, 740, 723, 190, 16.17%, 315, 22, 3, 26.66
1438187080, 0, 102, 741, 724, 190, 16.17%, 315, 22, 3, 528.63
1438187085, 0, 102, 742, 725, 190, 16.17%, 315, 22, 3, 493.62
1438187101, 0, 102, 744, 727, 190, 16.17%, 315, 22, 3, 324.87
1438187111, 0, 102, 746, 729, 190, 16.17%, 315, 22, 3, 614.61
1438187126, 0, 102, 748, 731, 190, 16.17%, 315, 22, 3, 573.02
1438187141, 0, 102, 753, 736, 190, 16.18%, 315, 22, 3, 468.41
1438187218, 0, 118, 753, 735, 198, 16.18%, 315, 22, 3, 397.30
1438187223, 0, 118, 753, 735, 198, 16.18%, 316, 22, 3, 372.29
1438187228, 0, 118, 755, 737, 198, 16.18%, 316, 22, 3, 387.38
1438187233, 0, 118, 768, 750, 198, 16.18%, 318, 22, 3, 109.78
1438187248, 0, 118, 770, 752, 198, 16.18%, 318, 22, 3, 415.14
1438187253, 0, 118, 774, 756, 198, 16.18%, 320, 22, 3, 42.24
1438187274, 0, 118, 777, 759, 198, 16.19%, 320, 22, 3, 369.89
1438187284, 0, 118, 779, 761, 198, 16.19%, 320, 22, 3, 313.03
1438187304, 0, 118, 780, 762, 198, 16.19%, 320, 22, 3, 577.00
1438187320, 0, 118, 781, 763, 198, 16.19%, 320, 22, 3, 451.43
1438187340, 0, 118, 782, 764, 198, 16.19%, 320, 22, 3, 407.80
1438187350, 0, 118, 788, 770, 198, 16.21%, 325, 22, 3, 428.50
1438187427, 0, 118, 791, 773, 198, 16.21%, 325, 22, 3, 508.15
1438187442, 0, 132, 791, 772, 208, 16.21%, 325, 22, 3, 398.80
1438187447, 0, 132, 794, 775, 208, 16.21%, 325, 22, 3, 390.96
1438187452, 0, 132, 797, 778, 208, 16.21%, 326, 22, 3, 449.11
1438187457, 0, 132, 804, 785, 208, 16.21%, 327, 22, 3, 26.83
1438187468, 0, 132, 806, 787, 208, 16.21%, 327, 22, 3, 356.67
1438187473, 0, 132, 807, 788, 208, 16.21%, 328, 22, 3, 448.76
1438187493, 0, 132, 809, 790, 208, 16.21%, 328, 22, 3, 453.91
1438187498, 0, 132, 811, 792, 208, 16.21%, 328, 22, 3, 49.00
1438187509, 0, 132, 813, 794, 208, 16.21%, 328, 22, 3, 337.70
1438187524, 0, 132, 814, 795, 208, 16.21%, 328, 22, 3, 535.21
1438187539, 0, 132, 815, 796, 208, 16.22%, 329, 22, 3, 474.13
1438187545, 0, 132, 815, 796, 208, 16.22%, 330, 22, 3, 585.83
1438187555, 0, 132, 816, 797, 208, 16.22%, 330, 22, 3, 468.17
1438187565, 0, 132, 820, 801, 208, 16.22%, 330, 22, 3, 443.86
1438187657, 0, 134, 820, 800, 211, 16.22%, 330, 22, 3, 333.37
1438187667, 0, 134, 830, 810, 211, 16.27%, 337, 22, 3, 448.09
1438187682, 0, 134, 832, 812, 211, 16.27%, 337, 22, 3, 497.99
1438187687, 0, 134, 835, 815, 211, 16.35%, 339, 22, 3, 345.14
1438187707, 0, 134, 837, 817, 211, 16.36%, 347, 22, 3, 25.68
1438187717, 0, 134, 837, 817, 211, 16.36%, 348, 22, 3, 331.54
1438187733, 0, 134, 838, 818, 211, 16.36%, 348, 22, 3, 569.77
1438187748, 0, 134, 839, 819, 211, 16.37%, 348, 22, 3, 662.78
1438187763, 0, 134, 840, 820, 211, 16.37%, 348, 22, 3, 531.88
1438187768, 0, 134, 857, 837, 211, 16.42%, 349, 22, 3, 482.33
1438187773, 0, 134, 861, 841, 211, 16.44%, 360, 22, 3, 475.69
1438187860, 0, 139, 861, 840, 237, 16.44%, 360, 22, 3, 88.84
1438187891, 0, 139, 862, 841, 237, 16.44%, 361, 22, 3, 133.61
1438187937, 0, 139, 864, 843, 237, 16.45%, 362, 22, 3, 126.03
1438188131, 0, 139, 865, 844, 237, 16.45%, 362, 22, 3, 112.05
1438188289, 0, 140, 865, 843, 236, 16.45%, 362, 22, 3, 89.61
1438188320, 0, 140, 865, 843, 236, 16.45%, 366, 22, 3, 134.01
1438188366, 0, 140, 867, 845, 236, 16.46%, 368, 22, 3, 127.31
1438188412, 0, 140, 868, 846, 236, 16.46%, 369, 22, 3, 141.39
1438188565, 0, 140, 869, 847, 236, 16.46%, 370, 22, 3, 87.92
1438188718, 0, 145, 870, 847, 238, 16.46%, 370, 23, 3, 337.93
1438188730, 0, 145, 870, 847, 238, 16.46%, 371, 23, 3, 24.78
1438188755, 0, 146, 870, 846, 237, 16.46%, 371, 23, 3, 3647.42
1438188770, 0, 146, 870, 846, 237, 16.46%, 373, 23, 3, 24.80
1438188781, 0, 147, 870, 845, 236, 16.46%, 373, 23, 3, 4518.09
1438188818, 0, 148, 870, 844, 235, 16.46%, 373, 24, 3, 63.16
1438188829, 0, 148, 870, 844, 235, 16.46%, 376, 24, 3, 24.82
1438188839, 0, 159, 870, 843, 234, 16.46%, 376, 24, 3, 448.13
1438188880, 0, 161, 870, 842, 233, 16.46%, 376, 24, 3, 1565.00
1438188885, 0, 161, 871, 843, 233, 16.46%, 376, 24, 3, 39.19
1438188896, 0, 161, 873, 845, 233, 16.46%, 376, 24, 3, 738.79
1438188932, 0, 170, 873, 844, 232, 16.46%, 376, 24, 3, 341.63
1438188942, 0, 170, 875, 846, 232, 16.47%, 376, 24, 3, 103.23
1438188947, 0, 170, 877, 848, 232, 16.47%, 376, 24, 3, 116.92
1438189100, 0, 170, 878, 849, 232, 16.47%, 376, 24, 3, 95.33
1438189360, 0, 171, 878, 848, 231, 16.47%, 376, 24, 3, 360.18
1438189371, 0, 171, 880, 850, 231, 16.47%, 376, 24, 3, 100.14
1438189376, 0, 171, 881, 851, 231, 16.47%, 376, 24, 3, 81.76
1438189381, 0, 171, 881, 851, 231, 16.47%, 377, 24, 3, 147.53
1438189513, 0, 171, 881, 851, 231, 16.47%, 378, 24, 3, 218.56
1438189528, 0, 171, 882, 852, 231, 16.47%, 378, 25, 3, 96.90
1438189544, 0, 171, 883, 853, 231, 16.47%, 378, 25, 3, 88.15
1438189800, 0, 185, 883, 852, 230, 16.47%, 378, 25, 3, 415.34
1438189826, 0, 185, 884, 853, 230, 16.47%, 378, 25, 3, 470.11
1438190004, 0, 187, 884, 852, 230, 16.47%, 379, 25, 3, 1005.58
1438190009, 0, 187, 884, 852, 230, 16.47%, 380, 25, 3, 141.77
1438190085, 0, 187, 885, 853, 230, 16.47%, 380, 25, 3, 657.08
1438190167, 0, 190, 885, 852, 229, 16.47%, 380, 25, 3, 187.05
1438190182, 0, 190, 890, 857, 229, 16.49%, 384, 25, 3, 361.12
1438190202, 0, 190, 890, 857, 229, 16.49%, 386, 25, 3, 394.18
1438190223, 0, 190, 893, 860, 229, 16.50%, 386, 25, 3, 413.06
1438190228, 0, 190, 893, 860, 229, 16.50%, 388, 25, 3, 42.40
1438190238, 0, 190, 893, 860, 229, 16.50%, 389, 25, 3, 255.21
1438190258, 0, 190, 893, 860, 229, 16.50%, 390, 25, 3, 560.14
1438190284, 0, 190, 893, 860, 229, 16.50%, 391, 25, 3, 377.35
1438190294, 0, 190, 893, 860, 229, 16.50%, 392, 25, 3, 472.26
1438190299, 0, 190, 896, 863, 229, 16.51%, 404, 25, 3, 413.78
1438190376, 0, 190, 897, 864, 229, 16.51%, 404, 25, 3, 591.30
1438190396, 0, 192, 897, 863, 235, 16.51%, 404, 25, 3, 86.52
1438190427, 0, 192, 900, 866, 235, 16.53%, 405, 25, 3, 142.54
1438190463, 0, 192, 901, 867, 235, 16.53%, 405, 25, 3, 163.00
1438190524, 0, 192, 902, 868, 235, 16.53%, 405, 25, 3, 180.04
1438190544, 0, 192, 903, 869, 235, 16.53%, 405, 25, 3, 134.68
1438190596, 0, 192, 904, 870, 235, 16.53%, 405, 25, 3, 659.92
1438190678, 0, 192, 905, 871, 235, 16.53%, 405, 25, 3, 82.94
1438190841, 0, 202, 905, 870, 236, 16.53%, 405, 25, 3, 508.70
1438190847, 0, 202, 910, 875, 236, 16.53%, 405, 25, 3, 666.78
1438190852, 0, 202, 913, 878, 236, 16.53%, 405, 25, 3, 35.17
1438190857, 0, 202, 914, 879, 236, 16.53%, 405, 25, 3, 628.56
1438190862, 0, 202, 917, 882, 236, 16.53%, 407, 25, 3, 44.56
1438190872, 0, 202, 919, 884, 236, 16.53%, 407, 25, 3, 641.87
1438190877, 0, 202, 920, 885, 236, 16.53%, 409, 25, 3, 30.57
1438190883, 0, 202, 921, 886, 236, 16.53%, 410, 25, 3, 835.41
1438190888, 0, 202, 922, 887, 236, 16.53%, 410, 25, 3, 297.15
1438190898, 0, 202, 924, 889, 236, 16.53%, 410, 25, 3, 891.45
1438190924, 0, 202, 927, 892, 236, 16.53%, 410, 25, 3, 684.53
1438191000, 0, 204, 927, 891, 235, 16.53%, 410, 25, 3, 404.30
1438191011, 0, 204, 929, 893, 235, 16.53%, 416, 25, 3, 439.12
1438191031, 0, 204, 929, 893, 235, 16.53%, 419, 25, 3, 29.70
1438191046, 0, 204, 931, 895, 235, 16.54%, 423, 25, 3, 485.36
1438191057, 0, 204, 932, 896, 235, 16.54%, 423, 25, 3, 349.01
1438191107, 0, 204, 933, 897, 235, 16.54%, 423, 25, 3, 516.46
1438191112, 0, 204, 945, 909, 235, 16.62%, 424, 25, 3, 536.88
1438191204, 0, 212, 945, 908, 240, 16.62%, 424, 25, 3, 755.10
1438191226, 0, 213, 945, 907, 239, 16.62%, 424, 25, 3, 28.33
1438191247, 0, 222, 945, 906, 238, 16.62%, 424, 25, 3, 2746.52
1438191252, 0, 222, 951, 912, 238, 16.62%, 424, 25, 3, 803.92
1438191257, 0, 222, 952, 913, 238, 16.62%, 424, 25, 3, 140.15
1438191263, 0, 222, 953, 914, 238, 16.62%, 424, 25, 3, 33.51
1438191268, 0, 222, 954, 915, 238, 16.62%, 424, 25, 3, 229.29
1438191273, 0, 222, 956, 917, 238, 16.62%, 424, 25, 3, 28.78
1438191303, 0, 234, 956, 916, 238, 16.62%, 424, 25, 3, 68.88
1438191328, 0, 234, 956, 916, 238, 16.62%, 425, 25, 3, 667.19
1438191334, 0, 234, 957, 917, 238, 16.62%, 425, 25, 3, 896.61
1438191339, 0, 234, 958, 918, 238, 16.62%, 425, 25, 3, 124.77
1438191492, 0, 234, 959, 919, 238, 16.62%, 425, 25, 3, 127.61
1438191823, 0, 246, 959, 918, 238, 16.62%, 425, 25, 3, 451.80
1438191838, 0, 246, 962, 921, 238, 16.62%, 426, 25, 3, 28.25
1438191854, 0, 246, 963, 922, 238, 16.63%, 429, 25, 3, 465.22
1438191874, 0, 246, 968, 927, 238, 16.74%, 429, 25, 3, 41.10
1438191885, 0, 246, 969, 928, 238, 16.74%, 429, 25, 3, 37.91
1438191941, 0, 246, 974, 933, 238, 16.75%, 430, 25, 3, 489.39
1438192027, 0, 247, 974, 932, 244, 16.75%, 430, 25, 3, 298.95
1438192033, 0, 247, 975, 933, 244, 16.75%, 431, 25, 3, 420.72
1438192038, 0, 247, 977, 935, 244, 16.75%, 432, 25, 3, 442.30
1438192053, 0, 247, 978, 936, 244, 16.75%, 432, 25, 3, 429.35
1438192079, 0, 247, 979, 937, 244, 16.75%, 433, 25, 3, 33.14
1438192089, 0, 247, 980, 938, 244, 16.75%, 433, 25, 3, 472.43
1438192237, 0, 249, 980, 937, 244, 16.75%, 433, 25, 3, 312.12
1438192247, 0, 249, 987, 944, 244, 16.76%, 439, 25, 3, 471.18
1438192267, 0, 249, 993, 950, 244, 16.78%, 441, 25, 3, 31.78
1438192288, 0, 249, 996, 953, 244, 16.78%, 444, 25, 3, 32.88
1438192298, 0, 249, 996, 953, 244, 16.78%, 445, 25, 3, 338.34
1438192349, 0, 249, 1016, 973, 244, 16.82%, 453, 25, 3, 479.45
1438192354, 0, 249, 1018, 975, 244, 16.83%, 456, 25, 3, 481.99
1438192441, 0, 257, 1019, 975, 263, 16.83%, 456, 25, 3, 671.26
1438192446, 0, 257, 1022, 978, 263, 16.83%, 457, 25, 3, 49.79
1438192456, 0, 257, 1026, 982, 263, 16.84%, 457, 25, 3, 689.61
1438192466, 0, 257, 1027, 983, 263, 16.84%, 457, 25, 3, 745.78
1438192481, 0, 257, 1030, 986, 263, 16.84%, 457, 25, 3, 340.13
1438192492, 0, 257, 1033, 989, 263, 16.85%, 457, 25, 3, 794.69
1438192502, 0, 257, 1035, 991, 263, 16.85%, 457, 25, 3, 803.34
1438192512, 0, 257, 1036, 992, 263, 16.85%, 457, 25, 3, 838.89
1438192589, 0, 263, 1036, 991, 268, 16.85%, 457, 25, 3, 1161.34
1438192641, 0, 263, 1037, 992, 268, 16.85%, 457, 25, 3, 36.16
1438192661, 0, 267, 1037, 991, 267, 16.85%, 457, 25, 3, 1217.29
1438192732, 0, 269, 1037, 990, 266, 16.85%, 457, 25, 3, 411.16
1438192763, 0, 269, 1037, 990, 266, 16.85%, 459, 25, 3, 229.21
1438192773, 0, 269, 1037, 990, 266, 16.85%, 460, 25, 3, 93.59
1438192804, 0, 269, 1038, 991, 266, 16.85%, 460, 25, 3, 134.23
1438192845, 0, 269, 1039, 992, 266, 16.85%, 460, 25, 3, 107.41
1438192850, 0, 269, 1039, 992, 266, 16.85%, 461, 25, 3, 86.65
1438192937, 0, 269, 1040, 993, 266, 16.85%, 461, 25, 3, 87.50
1438193162, 0, 270, 1040, 992, 265, 16.85%, 461, 25, 3, 78.37
1438193361, 0, 270, 1040, 992, 265, 16.85%, 462, 25, 3, 88.24
1438193592, 0, 272, 1040, 991, 264, 16.85%, 462, 25, 3, 463.56
1438193602, 0, 272, 1042, 993, 264, 16.85%, 462, 25, 3, 38.04
1438193612, 0, 272, 1042, 993, 264, 16.85%, 463, 25, 3, 650.99
1438193649, 0, 272, 1044, 995, 264, 16.85%, 464, 25, 3, 748.94
1438193755, 0, 279, 1044, 994, 264, 16.85%, 464, 25, 3, 267.03
1438193950, 0, 279, 1044, 994, 264, 16.85%, 465, 25, 3, 670.81
1438194185, 0, 288, 1044, 993, 263, 16.85%, 466, 25, 3, 1679.65
1438194190, 0, 288, 1045, 994, 263, 16.85%, 466, 25, 3, 1305.00
1438194195, 0, 288, 1046, 995, 263, 16.85%, 466, 25, 3, 942.31
1438194205, 0, 288, 1048, 997, 263, 16.85%, 467, 25, 3, 921.09
1438194226, 0, 288, 1049, 998, 263, 16.85%, 468, 25, 3, 1089.84
1438194231, 0, 288, 1050, 999, 263, 16.85%, 469, 25, 3, 1046.28
1438194236, 0, 288, 1051, 1000, 263, 16.85%, 469, 25, 3, 1062.77
1438194297, 0, 296, 1051, 999, 264, 16.85%, 469, 25, 3, 80.64
1438194333, 0, 296, 1051, 999, 264, 16.85%, 470, 25, 3, 100.44
1438194379, 0, 296, 1052, 1000, 264, 16.85%, 470, 25, 3, 140.76
1438194645, 0, 296, 1052, 1000, 264, 16.85%, 470, 27, 3, 70.10
1438194650, 0, 296, 1052, 1000, 264, 16.85%, 470, 28, 3, 34.73
1438194778, 0, 296, 1052, 1000, 264, 16.85%, 470, 29, 3, 26.82
1438194783, 0, 296, 1052, 1000, 264, 16.85%, 470, 30, 3, 54.31
1438194788, 0, 296, 1052, 1000, 264, 16.85%, 470, 31, 3, 50.76
1438194793, 0, 296, 1052, 1000, 264, 16.85%, 470, 32, 3, 31.32
1438194850, 0, 296, 1052, 1000, 264, 16.85%, 470, 33, 3, 82.92
1438194860, 0, 296, 1052, 1000, 264, 16.85%, 470, 36, 3, 82.38
1438194881, 0, 296, 1052, 1000, 264, 16.85%, 470, 37, 3, 67.75
1438194886, 0, 296, 1052, 1000, 264, 16.85%, 470, 38, 3, 68.01
1438194947, 0, 296, 1052, 1000, 264, 16.85%, 470, 44, 3, 47.03
1438194973, 0, 296, 1052, 1000, 264, 16.85%, 470, 45, 3, 58.52
1438194978, 0, 296, 1052, 1000, 264, 16.85%, 470, 46, 3, 40.11
1438194983, 0, 296, 1052, 1000, 264, 16.85%, 470, 47, 3, 35.24
1438195034, 0, 306, 1052, 999, 263, 16.85%, 470, 47, 3, 76.14
1438195065, 0, 306, 1052, 999, 263, 16.85%, 471, 47, 3, 80.23
1438195096, 0, 306, 1056, 1003, 263, 16.87%, 473, 48, 3, 83.74
1438195101, 0, 306, 1057, 1004, 263, 16.87%, 475, 48, 3, 78.98
1438195184, 0, 306, 1060, 1007, 263, 16.87%, 475, 48, 3, 79.71
1438195194, 0, 306, 1060, 1007, 263, 16.87%, 475, 49, 3, 419.35
1438195235, 0, 306, 1060, 1007, 263, 16.87%, 475, 50, 3, 88.78
1438195250, 0, 306, 1060, 1007, 263, 16.87%, 475, 51, 3, 74.72
1438195266, 0, 306, 1061, 1008, 263, 16.88%, 478, 51, 3, 81.68
1438195301, 0, 306, 1062, 1009, 263, 16.88%, 479, 51, 3, 79.15
1438195399, 0, 306, 1063, 1010, 263, 16.88%, 479, 51, 3, 80.94
1438195486, 0, 306, 1063, 1010, 263, 16.88%, 479, 52, 3, 78.42
1438195496, 0, 306, 1064, 1011, 263, 16.88%, 479, 52, 3, 78.94
1438195641, 0, 306, 1065, 1012, 263, 16.88%, 481, 52, 3, 79.07
1438195646, 0, 306, 1072, 1019, 263, 16.89%, 484, 52, 3, 72.41
1438195851, 0, 306, 1072, 1019, 263, 16.89%, 484, 53, 3, 592.72
1438195872, 0, 307, 1072, 1018, 276, 16.89%, 484, 53, 3, 1099.53
1438195877, 0, 307, 1074, 1020, 276, 16.89%, 484, 53, 3, 57.31
1438195943, 0, 307, 1074, 1020, 276, 16.89%, 491, 53, 3, 746.01
1438196019, 0, 309, 1074, 1019, 276, 16.89%, 491, 53, 3, 390.28
1438196029, 0, 309, 1074, 1019, 276, 16.89%, 492, 53, 3, 30.79
1438196050, 0, 309, 1074, 1019, 276, 16.89%, 493, 53, 3, 313.64
1438196070, 0, 309, 1075, 1020, 276, 16.89%, 493, 53, 3, 32.36
1438196131, 0, 309, 1076, 1021, 276, 16.90%, 493, 53, 3, 508.76
1438196223, 0, 310, 1076, 1020, 277, 16.90%, 493, 53, 3, 326.04
1438196233, 0, 310, 1077, 1021, 277, 16.92%, 493, 53, 3, 320.74
1438196254, 0, 310, 1077, 1021, 277, 16.92%, 494, 53, 3, 268.66
1438196269, 0, 310, 1077, 1021, 277, 16.92%, 495, 53, 3, 40.72
